[gd_scene format=3 uid="uid://dwhl2timrre38"]

[ext_resource type="Script" uid="uid://cjgnkwuq11v34" path="res://scripts/world/world.gd" id="1_world"]
[ext_resource type="Script" path="res://scripts/world/objective_config.gd" id="9_objective"]
[ext_resource type="PackedScene" uid="uid://chacrc38nmcij" path="res://scenes/player/player.tscn" id="2_player"]
[ext_resource type="PackedScene" uid="uid://niy2fkul0yy2" path="res://scenes/objects/house.tscn" id="7_house"]
[ext_resource type="Shader" uid="uid://d270balpvvv3t" path="res://shaders/spatial_glitch.gdshader" id="8_glitch"]

[sub_resource type="ProceduralSkyMaterial" id="SkyMat"]
sky_top_color = Color(0.04, 0.02, 0.12, 1)
sky_horizon_color = Color(0.15, 0.06, 0.22, 1)
ground_bottom_color = Color(0, 0, 0, 1)
ground_horizon_color = Color(0.04, 0.02, 0.08, 1)

[sub_resource type="Sky" id="Sky"]
sky_material = SubResource("SkyMat")

[sub_resource type="Environment" id="Env"]
background_mode = 2
sky = SubResource("Sky")
ambient_light_source = 3
ambient_light_color = Color(0.2, 0.1, 0.35, 1)
ambient_light_energy = 0.4
tonemap_mode = 2
glow_enabled = true
glow_intensity = 1.35
glow_bloom = 0.34
glow_hdr_threshold = 0.72
glow_hdr_scale = 1.7

[sub_resource type="StandardMaterial3D" id="MatStreet"]
albedo_color = Color(0.1, 0.1, 0.1, 1)
roughness = 0.95

[sub_resource type="StandardMaterial3D" id="MatConcrete"]
albedo_color = Color(0.52, 0.5, 0.48, 1)

[sub_resource type="StandardMaterial3D" id="MatRock"]
albedo_color = Color(0.25, 0.22, 0.18, 1)

[sub_resource type="StandardMaterial3D" id="MatFence"]
albedo_color = Color(0.38, 0.24, 0.14, 1)

[sub_resource type="StandardMaterial3D" id="MatLeaves"]
albedo_color = Color(0.18, 0.4, 0.1, 1)

[sub_resource type="ShaderMaterial" id="MatGlitch"]
render_priority = 0
shader = ExtResource("8_glitch")
shader_parameter/glitch_speed = 18.0
shader_parameter/glitch_intensity = 2.6
shader_parameter/base_color = Vector3(0, 1, 1)
shader_parameter/emission_energy = 7.4
shader_parameter/rim_strength = 3.3
shader_parameter/pulse_strength = 1.45
shader_parameter/stripe_density = 72.0
shader_parameter/alpha_flicker = 0.15

[sub_resource type="ShaderMaterial" id="MatGlitchMag"]
render_priority = 0
shader = ExtResource("8_glitch")
shader_parameter/glitch_speed = 21.0
shader_parameter/glitch_intensity = 2.15
shader_parameter/base_color = Vector3(1, 0, 0.8)
shader_parameter/emission_energy = 7.9
shader_parameter/rim_strength = 3.8
shader_parameter/pulse_strength = 1.7
shader_parameter/stripe_density = 80.0
shader_parameter/alpha_flicker = 0.2

[node name="Level01" type="Node3D" unique_id=1058590508]

[node name="WorldEnvironment" type="WorldEnvironment" parent="." unique_id=1970525931]
environment = SubResource("Env")

[node name="DimLight" type="DirectionalLight3D" parent="." unique_id=884152712]
transform = Transform3D(0.766, -0.18, 0.618, 0, 0.96, 0.28, -0.642, -0.215, 0.736, 0, 5, 0)
light_color = Color(0.55, 0.35, 0.85, 1)
light_energy = 0.5
shadow_enabled = true

[node name="GlitchWash" type="OmniLight3D" parent="." unique_id=1408593211]
transform = Transform3D(1, 0, 0, 0, 1, 0, 0, 0, 1, -1.8, 5.2, -2.8)
light_color = Color(0.26, 0.78, 1, 1)
light_energy = 1.4
distance_fade_enabled = true
distance_fade_begin = 10.0
distance_fade_length = 12.0
omni_range = 18.0

[node name="PlayerSpawn" type="Marker3D" parent="." unique_id=1575657502]
transform = Transform3D(1, 0, 0, 0, 1, 0, 0, 0, 1, -3.3611188, 0.27058798, -3.4484954)

[node name="World" type="Node3D" parent="." unique_id=640408122]
script = ExtResource("1_world")

[node name="ObjectiveConfig" type="Node" parent="World" unique_id=1388753107]
script = ExtResource("9_objective")

[node name="Terrain" type="CSGCombiner3D" parent="World" unique_id=1986890217]
use_collision = true

[node name="Street" type="CSGBox3D" parent="World/Terrain" unique_id=1793056500]
transform = Transform3D(1, 0, 0, 0, 1, 0, 0, 0, 1, -1.3, -0.44, 20)
visible = false
size = Vector3(48, 0.95, 8.5)
material = SubResource("MatStreet")

[node name="Pavement" type="CSGBox3D" parent="World/Terrain" unique_id=1579897727]
transform = Transform3D(1, 0, 0, 0, 1, 0, 0, 0, 1, -3.3, -0.38, 13)
visible = false
size = Vector3(2.8, 0.85, 7.5)
material = SubResource("MatConcrete")

[node name="RockChunkMain" type="CSGPolygon3D" parent="World/Terrain" unique_id=1942074766]
transform = Transform3D(0.982, -0.088, 0.166, 0.104, 0.988, -0.116, -0.155, 0.131, 0.979, -1.3, -3.5487216, 3.3486872)
polygon = PackedVector2Array(-10, 0, 10, 0, 13, -3, 8, -9, 1, -12, -7, -10, -12, -4)
depth = 24.0
material = SubResource("MatRock")

[node name="RockJutRight" type="CSGPolygon3D" parent="World/Terrain" unique_id=526288544]
transform = Transform3D(0, 0, -1, 0.174, 0.985, 0, 0.985, -0.174, 0, -2.958561, -4.789194, -9.086075)
polygon = PackedVector2Array(0, 0, 7, -2, 6, -9, -2, -6)
depth = 12.0
material = SubResource("MatRock")

[node name="RockJutLeft" type="CSGPolygon3D" parent="World/Terrain" unique_id=273359167]
transform = Transform3D(0, 0, 1, -0.259, 0.966, 0, -0.966, -0.259, 0, -2.6843424, -0.9854293, 2.4208531)
polygon = PackedVector2Array(0, 0, 6, -1, 5, -8, -2, -5)
depth = 10.0
material = SubResource("MatRock")

[node name="RockTail" type="CSGBox3D" parent="World/Terrain" unique_id=1255041399]
transform = Transform3D(0.934, 0, -0.358, 0.06, 0.985, 0.158, 0.353, -0.174, 0.919, 9.173352, -5.757455, -0.30093193)
size = Vector3(10, 10, 8)
material = SubResource("MatRock")

[node name="Fences" type="CSGCombiner3D" parent="World/Terrain" unique_id=56174589]
visible = false

[node name="FenceL" type="CSGBox3D" parent="World/Terrain/Fences" unique_id=1940692382]
transform = Transform3D(1, 0, 0, 0, 1, 0, 0, 0, 1, -21, 0.95, 1)
size = Vector3(0.4, 1.95, 34)
material = SubResource("MatFence")

[node name="FenceR" type="CSGBox3D" parent="World/Terrain/Fences" unique_id=366420737]
transform = Transform3D(1, 0, 0, 0, 1, 0, 0, 0, 1, 19, 0.95, 1)
size = Vector3(0.4, 1.95, 34)
material = SubResource("MatFence")

[node name="FenceBack" type="CSGBox3D" parent="World/Terrain/Fences" unique_id=777995171]
transform = Transform3D(1, 0, 0, 0, 1, 0, 0, 0, 1, -1, 0.95, -16)
size = Vector3(40, 1.95, 0.4)
material = SubResource("MatFence")

[node name="FenceFrontL" type="CSGBox3D" parent="World/Terrain/Fences" unique_id=1391793464]
transform = Transform3D(1, 0, 0, 0, 1, 0, 0, 0, 1, -13, 0.95, 17)
size = Vector3(16, 1.95, 0.4)
material = SubResource("MatFence")

[node name="FenceFrontR" type="CSGBox3D" parent="World/Terrain/Fences" unique_id=675523550]
transform = Transform3D(1, 0, 0, 0, 1, 0, 0, 0, 1, 13, 0.95, 17)
size = Vector3(12, 1.95, 0.4)
material = SubResource("MatFence")

[node name="GatePostL" type="CSGBox3D" parent="World/Terrain/Fences" unique_id=219388751]
transform = Transform3D(1, 0, 0, 0, 1, 0, 0, 0, 1, -5.5, 1.4, 17)
size = Vector3(0.55, 2.85, 0.55)
material = SubResource("MatFence")

[node name="GatePostR" type="CSGBox3D" parent="World/Terrain/Fences" unique_id=807313268]
transform = Transform3D(1, 0, 0, 0, 1, 0, 0, 0, 1, 1.5, 1.4, 17)
size = Vector3(0.55, 2.85, 0.55)
material = SubResource("MatFence")

[node name="Trees" type="CSGCombiner3D" parent="World/Terrain" unique_id=2014365957]
visible = false

[node name="Trunk1" type="CSGCylinder3D" parent="World/Terrain/Trees" unique_id=1659779960]
transform = Transform3D(1, 0, 0, 0, 1, 0, 0, 0, 1, -14, 1.5, 11)
radius = 0.38
height = 4.0
material = SubResource("MatFence")

[node name="Canopy1a" type="CSGSphere3D" parent="World/Terrain/Trees/Trunk1" unique_id=1445802741]
transform = Transform3D(1, 0, 0, 0, 1, 0, 0, 0, 1, 0, 2.8, 0)
radius = 2.1
material = SubResource("MatLeaves")

[node name="Canopy1b" type="CSGSphere3D" parent="World/Terrain/Trees/Trunk1" unique_id=650167477]
transform = Transform3D(1, 0, 0, 0, 1, 0, 0, 0, 1, 0.9, 2.1, 0.7)
radius = 1.4
material = SubResource("MatLeaves")

[node name="Trunk2" type="CSGCylinder3D" parent="World/Terrain/Trees" unique_id=2118634479]
transform = Transform3D(1, 0, 0, 0, 1, 0, 0, 0, 1, 15, 1.5, 7)
radius = 0.42
height = 3.6
material = SubResource("MatFence")

[node name="Canopy2a" type="CSGSphere3D" parent="World/Terrain/Trees/Trunk2" unique_id=185520997]
transform = Transform3D(1, 0, 0, 0, 1, 0, 0, 0, 1, 0, 2.5, 0)
radius = 1.9
material = SubResource("MatLeaves")

[node name="House" parent="World" unique_id=1656685689 instance=ExtResource("7_house")]
transform = Transform3D(1, 0, 0, 0, 1, 0, 0, 0, 1, 0, 2, -4)

[node name="Player" parent="World" unique_id=1255877185 instance=ExtResource("2_player")]
transform = Transform3D(1, 0, 0, 0, 1, 0, 0, 0, 1, -3.3611188, 0.27058798, -3.4484954)

[node name="GlitchFragments" type="Node3D" parent="World" unique_id=827368053]

[node name="G1" type="CSGBox3D" parent="World/GlitchFragments" unique_id=2037144109]
transform = Transform3D(0.866, -0.5, 0, 0.5, 0.866, 0, 0, 0, 1, -32, 6, 22)
size = Vector3(6, 4, 6)
material = SubResource("MatGlitch")

[node name="G2" type="CSGPolygon3D" parent="World/GlitchFragments" unique_id=737040612]
transform = Transform3D(0.707, 0, -0.707, 0, 1, 0, 0.707, 0, 0.707, 22.896633, 1.4867706, -30)
polygon = PackedVector2Array(0, 0, 6, 9, 13, 1, 7, -2)
depth = 6.0
material = SubResource("MatGlitchMag")

[node name="G3" type="CSGBox3D" parent="World/GlitchFragments" unique_id=410307446]
transform = Transform3D(0.5, -0.866, 0, 0.866, 0.5, 0, 0, 0, 1, 18, -9.770338, 26.596039)
size = Vector3(9, 2.5, 9)
material = SubResource("MatGlitch")

[node name="G4" type="CSGBox3D" parent="World/GlitchFragments" unique_id=1468689900]
transform = Transform3D(1, 0, 0, 0, 0.707, -0.707, 0, 0.707, 0.707, -18, 28, -35)
size = Vector3(2.5, 12, 2.5)
material = SubResource("MatGlitchMag")

[node name="G5" type="CSGBox3D" parent="World/GlitchFragments" unique_id=2006264170]
transform = Transform3D(0.8643155, 0.50288945, 0.0041231387, -0.5028397, 0.8643053, -0.009194671, -0.008187562, 0.0058738077, 0.9999492, -10, -5.135166, 37.5697)
size = Vector3(12, 12, 12)
material = SubResource("MatGlitch")

[node name="G6" type="CSGBox3D" parent="World/GlitchFragments" unique_id=1780204386]
transform = Transform3D(0.5, 0, -0.866, 0, 1, 0, 0.866, 0, 0.5, 32.00997, -6, 7.3173923)
size = Vector3(7, 7, 7)
material = SubResource("MatGlitchMag")

[node name="G7" type="CSGBox3D" parent="World/GlitchFragments" unique_id=272895248]
transform = Transform3D(0.707, -0.707, 0, 0.707, 0.707, 0, 0, 0, 1, -44, -12, -22)
size = Vector3(4.5, 14, 4.5)
material = SubResource("MatGlitch")

[node name="G8" type="CSGBox3D" parent="World/GlitchFragments" unique_id=547720003]
transform = Transform3D(0.342, 0, -0.94, 0, 1, 0, 0.94, 0, 0.342, 5, 22, 30)
size = Vector3(2.5, 2.5, 10)
material = SubResource("MatGlitchMag")

[node name="G9" type="CSGPolygon3D" parent="World/GlitchFragments" unique_id=110353452]
transform = Transform3D(-0.5, 0, 0.866, 0, 1, 0, -0.866, 0, -0.5, -28, 10, -42)
polygon = PackedVector2Array(0, 0, 8, 0, 5, 10, -3, 6)
depth = 4.0
material = SubResource("MatGlitch")

[node name="G10" type="CSGBox3D" parent="World/GlitchFragments" unique_id=766084324]
transform = Transform3D(0.643, 0.766, 0, -0.766, 0.643, 0, 0, 0, 1, 30, 38, -30)
size = Vector3(3.5, 3.5, 18)
material = SubResource("MatGlitchMag")

[node name="G11" type="CSGBox3D" parent="World/GlitchFragments" unique_id=91390537]
transform = Transform3D(0.5, 0.612, -0.612, -0.866, 0.354, -0.354, 0, 0.707, 0.707, -8, 21, 12)
size = Vector3(2.8, 8.5, 2.8)
material = SubResource("MatGlitch")

[node name="G12" type="CSGPolygon3D" parent="World/GlitchFragments" unique_id=981088980]
transform = Transform3D(0.866, 0, -0.5, 0.171, 0.94, 0.296, 0.47, -0.342, 0.814, 12, 6, -34)
polygon = PackedVector2Array(0, 0, 5, 1, 4, 7, -2, 5, -3, 1)
depth = 5.0
material = SubResource("MatGlitchMag")

[node name="G13" type="CSGBox3D" parent="World/GlitchFragments" unique_id=446381954]
transform = Transform3D(0.259, -0.966, 0, 0.966, 0.259, 0, 0, 0, 1, 6, -7, 25)
size = Vector3(6, 1.7, 6)
material = SubResource("MatGlitch")

[node name="G14" type="CSGBox3D" parent="World/GlitchFragments" unique_id=1107858154]
transform = Transform3D(0.707, 0, -0.707, 0, 1, 0, 0.707, 0, 0.707, -15, 18, -4)
size = Vector3(2.2, 2.2, 11)
material = SubResource("MatGlitchMag")

[node name="G15" type="CSGPolygon3D" parent="World/GlitchFragments" unique_id=1605534803]
transform = Transform3D(0.5, 0, 0.866, 0.224, 0.966, -0.129, -0.837, 0.259, 0.483, 1, 11, 18)
polygon = PackedVector2Array(0, 0, 7, 0, 3, 8, -2, 6)
depth = 4.5
material = SubResource("MatGlitch")

[node name="G16" type="CSGBox3D" parent="World/GlitchFragments" unique_id=1160899951]
transform = Transform3D(1, 0, 0, 0, 0.342, -0.94, 0, 0.94, 0.342, 0, 24, 2)
size = Vector3(2.3, 10, 2.3)
material = SubResource("MatGlitchMag")

[node name="G17" type="CSGBox3D" parent="World/GlitchFragments" unique_id=582034833]
transform = Transform3D(0.866, 0.5, 0, -0.5, 0.866, 0, 0, 0, 1, -20, 9, 14)
size = Vector3(5.5, 5.5, 5.5)
material = SubResource("MatGlitch")

[node name="G18" type="CSGPolygon3D" parent="World/GlitchFragments" unique_id=981574020]
transform = Transform3D(0.643, 0.766, 0, -0.542, 0.455, -0.707, -0.542, 0.455, 0.707, -19, 3, 25)
polygon = PackedVector2Array(0, 0, 6, -1, 9, 4, 4, 9, -2, 6)
depth = 3.5
material = SubResource("MatGlitchMag")

[node name="G19" type="CSGBox3D" parent="World/GlitchFragments" unique_id=747824881]
transform = Transform3D(0.174, 0, -0.985, 0, 1, 0, 0.985, 0, 0.174, -3, 5, -32)
size = Vector3(2, 2, 14)
material = SubResource("MatGlitch")

[node name="G20" type="CSGBox3D" parent="World/GlitchFragments" unique_id=1146013366]
transform = Transform3D(0.5, -0.707, 0.5, 0.5, 0.707, 0.5, -0.707, 0, 0.707, -11, -6, -12)
size = Vector3(4.2, 4.2, 4.2)
material = SubResource("MatGlitchMag")

[node name="G21" type="CSGBox3D" parent="World/GlitchFragments" unique_id=1736510922]
transform = Transform3D(0.866, 0, -0.5, 0, 1, 0, 0.5, 0, 0.866, -4, 23, -2)
size = Vector3(1.8, 7.8, 1.8)
material = SubResource("MatGlitch")

[node name="G22" type="CSGBox3D" parent="World/GlitchFragments" unique_id=142097531]
transform = Transform3D(0.64300007, 0.7660001, 0, -0.7660001, 0.64300007, 0, 0, 0, 1, 5, 19, -7)
size = Vector3(2.4, 2.4, 9.5)
material = SubResource("MatGlitchMag")

[node name="G23" type="CSGPolygon3D" parent="World/GlitchFragments" unique_id=1786527840]
transform = Transform3D(0.342, 0, -0.94, 0, 1, 0, 0.94, 0, 0.342, -7, 3, 27)
polygon = PackedVector2Array(0, 0, 5, 0, 3, 6, -2, 4)
depth = 4.2
material = SubResource("MatGlitch")

[node name="G24" type="CSGBox3D" parent="World/GlitchFragments" unique_id=2096340172]
transform = Transform3D(0.5, 0, -0.866, 0.296, 0.94, 0.171, 0.814, -0.342, 0.47, 8, 27, 3)
size = Vector3(2.1, 10.5, 2.1)
material = SubResource("MatGlitchMag")

[node name="G25" type="CSGBox3D" parent="World/GlitchFragments" unique_id=189184524]
transform = Transform3D(0.707, -0.707, 0, 0.707, 0.707, 0, 0, 0, 1, 0, -2, 17)
size = Vector3(5.2, 1.6, 5.2)
material = SubResource("MatGlitch")

[node name="G26" type="CSGPolygon3D" parent="World/GlitchFragments" unique_id=774110942]
transform = Transform3D(0.866, 0.5, 0, -0.5, 0.866, 0, 0, 0, 1, 32, 5, -2)
polygon = PackedVector2Array(0, 0, 6, -1, 9, 4, 4, 8, -1, 5)
depth = 3.8
material = SubResource("MatGlitchMag")

[node name="G27" type="CSGBox3D" parent="World/GlitchFragments" unique_id=1947876133]
transform = Transform3D(1, 0, 0, 0, 0.5, -0.866, 0, 0.866, 0.5, -10, 11, -10)
size = Vector3(1.6, 8.7, 1.6)
material = SubResource("MatGlitch")

[node name="G28" type="CSGBox3D" parent="World/GlitchFragments" unique_id=739410280]
transform = Transform3D(0.174, 0, -0.985, 0, 1, 0, 0.985, 0, 0.174, 2, 13, -24)
size = Vector3(1.9, 1.9, 12.5)
material = SubResource("MatGlitchMag")

[node name="G29" type="CSGPolygon3D" parent="World/GlitchFragments" unique_id=1049008920]
transform = Transform3D(0.5, 0, 0.866, 0.224, 0.966, -0.129, -0.837, 0.259, 0.483, -23, 7, 1)
polygon = PackedVector2Array(0, 0, 4, -1, 7, 3, 2, 8, -2, 5)
depth = 3.0
material = SubResource("MatGlitch")

[node name="G30" type="CSGBox3D" parent="World/GlitchFragments" unique_id=459871321]
transform = Transform3D(0.866, -0.5, 0, 0.5, 0.866, 0, 0, 0, 1, 14, 14, 29)
size = Vector3(3.2, 8, 3.2)
material = SubResource("MatGlitchMag")
