[gd_scene format=3 uid="uid://2uh34cuhbd1n"]

[ext_resource type="Script" uid="uid://boiwq5gf777ux" path="res://scripts/world/level_three_surreal.gd" id="1"]
[ext_resource type="Script" uid="uid://cjgnkwuq11v34" path="res://scripts/world/world.gd" id="2"]
[ext_resource type="PackedScene" uid="uid://chacrc38nmcij" path="res://scenes/player/player.tscn" id="3"]
[ext_resource type="PackedScene" uid="uid://bflgtwo1ixlco" path="res://scenes/objects/surreal_platform.tscn" id="4"]
[ext_resource type="PackedScene" uid="uid://bua3jyp416qe7" path="res://scenes/objects/jumping_boots.tscn" id="5"]
[ext_resource type="PackedScene" uid="uid://c843o1oyndtrj" path="res://scenes/objects/dragon_guard.tscn" id="6"]
[ext_resource type="PackedScene" path="res://scenes/objects/key_item.tscn" id="7"]
[ext_resource type="PackedScene" path="res://scenes/objects/level4_gate.tscn" id="8"]
[ext_resource type="PackedScene" uid="uid://niy2fkul0yy2" path="res://scenes/objects/house.tscn" id="9"]
[ext_resource type="Shader" uid="uid://saoeakkn2rnt" path="res://shaders/surreal_white_surface.gdshader" id="10"]
[ext_resource type="AudioStream" uid="uid://dcdxueaoxk7op" path="res://audio/bgm/level_1_before_disaster.mp3" id="11_bgm_level1"]
[ext_resource type="AudioStream" uid="uid://unoa5a565im0" path="res://audio/bgm/level_2.mp3" id="12_bgm_level2"]
[ext_resource type="AudioStream" uid="uid://ud6ggwb63oid" path="res://audio/bgm/bgm_level_4.mp3" id="13_bgm_level4"]
[ext_resource type="AudioStream" uid="uid://dcc4hg4qx4f5c" path="res://audio/sfx/in-rewind-bgfx.mp3" id="14_sfx_glitch"]
[ext_resource type="AudioStream" uid="uid://o3exmwpc35b1" path="res://audio/sfx/sky_cracking.mp3" id="15_sfx_sky_cracking"]
[ext_resource type="PackedScene" uid="uid://cj401kllxsikw" path="res://scenes/objects/enemy.tscn" id="16_enemy"]
[ext_resource type="Script" uid="uid://4isofn1ndolb" path="res://scripts/objects/anomaly_sentry.gd" id="17_anomaly_sentry"]
[ext_resource type="PackedScene" uid="uid://cti0gocu5al2o" path="res://scenes/objects/bow_item.tscn" id="18_bow_item"]

[sub_resource type="ProceduralSkyMaterial" id="1"]
sky_top_color = Color(0.98, 0.99, 1, 1)
sky_horizon_color = Color(0.96, 0.98, 1, 1)
ground_bottom_color = Color(0.9, 0.93, 0.98, 1)
ground_horizon_color = Color(0.94, 0.96, 1, 1)

[sub_resource type="Sky" id="2"]
sky_material = SubResource("1")

[sub_resource type="Environment" id="3"]
background_mode = 2
sky = SubResource("2")
ambient_light_source = 3
ambient_light_color = Color(0.96, 0.98, 1, 1)
ambient_light_energy = 0.72
tonemap_mode = 2
glow_enabled = true
glow_intensity = 1.05
glow_bloom = 0.14
glow_hdr_threshold = 0.82
glow_hdr_scale = 1.18
fog_enabled = true
fog_light_color = Color(0.96, 0.98, 1, 1)
fog_light_energy = 0.75
fog_density = 0.0065
fog_aerial_perspective = 0.38
volumetric_fog_enabled = true
volumetric_fog_density = 0.018
volumetric_fog_albedo = Color(0.95, 0.97, 1, 1)

[sub_resource type="StandardMaterial3D" id="MatArenaStone"]
albedo_color = Color(0.62, 0.58, 0.52, 1)
metallic = 0.05
roughness = 0.9

[sub_resource type="CylinderMesh" id="ArenaFloorMesh"]
top_radius = 5.55
bottom_radius = 5.85
height = 0.6

[sub_resource type="StandardMaterial3D" id="MatCourtLine"]
roughness = 0.18
emission_enabled = true
emission = Color(0.88, 0.88, 1, 1)
emission_energy_multiplier = 3.2

[sub_resource type="CylinderMesh" id="ArenaCenterMedallionMesh"]
top_radius = 1.95
bottom_radius = 2.1
height = 0.16

[sub_resource type="BoxShape3D" id="ArenaWallCollisionSegmentShape"]
size = Vector3(4.7, 2.8, 1.2)

[sub_resource type="StandardMaterial3D" id="MatArenaAccent"]
albedo_color = Color(0.78, 0.72, 0.62, 1)
metallic = 0.02
roughness = 0.9

[sub_resource type="CylinderMesh" id="ArenaStepRingMeshA"]
top_radius = 6.0
bottom_radius = 6.45
height = 0.44

[sub_resource type="CylinderMesh" id="ArenaStepRingMeshB"]
top_radius = 6.7
bottom_radius = 7.35
height = 0.56

[sub_resource type="CylinderMesh" id="ArenaColumnMesh"]
top_radius = 0.24
bottom_radius = 0.32
height = 3.8
radial_segments = 10

[sub_resource type="CylinderShape3D" id="ArenaColumnCollisionShape"]
height = 3.8
radius = 0.32

[sub_resource type="BoxMesh" id="ArenaArchBeamMesh"]
size = Vector3(1.7, 0.42, 0.64)

[sub_resource type="BoxShape3D" id="ArenaArchCollisionShape"]
size = Vector3(1.7, 0.42, 0.64)

[sub_resource type="BoxMesh" id="ArenaButtressMesh"]
size = Vector3(0.95, 1.08, 1.3)

[sub_resource type="BoxShape3D" id="ArenaButtressCollisionShape"]
size = Vector3(0.95, 1.08, 1.3)

[sub_resource type="StandardMaterial3D" id="MatRuinsStone"]
albedo_color = Color(0.58, 0.57, 0.54, 1)
metallic = 0.04
roughness = 0.88

[sub_resource type="BoxMesh" id="RuinsWallMesh"]
size = Vector3(4.6, 3.4, 0.6)

[sub_resource type="BoxMesh" id="RuinsColumnMesh"]
size = Vector3(1.05, 4.8, 1.05)

[sub_resource type="BoxMesh" id="RuinsShardMesh"]
size = Vector3(1.3, 4.6, 1)

[sub_resource type="CylinderShape3D" id="10"]
height = 6.0
radius = 2.213379

[sub_resource type="CylinderShape3D" id="Level3RideReleaseShape"]
height = 68.89746
radius = 16.595703

[sub_resource type="BoxShape3D" id="Level3FallDeathShape"]
size = Vector3(1200, 42, 1200)

[sub_resource type="BoxShape3D" id="Level3VerticalBlockerShape"]
size = Vector3(1040, 440, 16)

[sub_resource type="BoxMesh" id="Level3VerticalBlockerMesh"]
size = Vector3(1040, 440, 16)

[sub_resource type="BoxShape3D" id="Level3BoundedTopShape"]
size = Vector3(1040, 16, 1040)

[sub_resource type="BoxMesh" id="Level3BoundedTopMesh"]
size = Vector3(1040, 16, 1040)

[sub_resource type="BoxShape3D" id="9"]
size = Vector3(12, 4.5, 12)

[sub_resource type="ShaderMaterial" id="4"]
render_priority = 0
shader = ExtResource("10")
shader_parameter/base_color = Color(0.98, 0.99, 1, 1)
shader_parameter/edge_color = Color(0.84, 0.9, 1, 1)
shader_parameter/roughness_value = 0.22
shader_parameter/metallic_value = 0.12
shader_parameter/emission_strength = 1.6
shader_parameter/pulse_speed = 1.9
shader_parameter/pulse_amount = 0.26
shader_parameter/fresnel_strength = 1.5

[sub_resource type="SphereMesh" id="5"]
radius = 2.5
height = 5.0

[sub_resource type="TorusMesh" id="6"]
inner_radius = 1.2
outer_radius = 2.45
rings = 36
ring_segments = 28

[sub_resource type="PrismMesh" id="7"]
left_to_right = 1.0
size = Vector3(3.2, 5.6, 3.2)

[sub_resource type="BoxMesh" id="8"]
size = Vector3(3.5, 3.5, 3.5)

[sub_resource type="StandardMaterial3D" id="MatCourt"]
albedo_color = Color(0.38, 0.24, 0.44, 1)
roughness = 0.56
emission_enabled = true
emission = Color(0.6, 0.72, 1, 1)
emission_energy_multiplier = 0.5

[sub_resource type="BoxMesh" id="CourtMesh"]
size = Vector3(17, 0.4, 9.5)

[sub_resource type="BoxMesh" id="CourtLineLong"]
size = Vector3(17.1, 0.03, 0.14)

[sub_resource type="BoxMesh" id="CourtLineMid"]
size = Vector3(0.14, 0.03, 9.5)

[sub_resource type="BoxShape3D" id="CourtBaseCollisionShape"]
size = Vector3(17, 0.4, 9.5)

[sub_resource type="StandardMaterial3D" id="MatCarA"]
albedo_color = Color(0.72, 0.18, 0.16, 1)
metallic = 0.24
roughness = 0.34

[sub_resource type="BoxMesh" id="BoxMeshCarBody"]
size = Vector3(4.2, 1.1, 2.2)

[sub_resource type="BoxMesh" id="BoxMeshCarCabin"]
size = Vector3(2.4, 0.9, 1.8)

[sub_resource type="StandardMaterial3D" id="MatWheel"]
albedo_color = Color(0.08, 0.08, 0.1, 1)
roughness = 0.94

[sub_resource type="CylinderMesh" id="WheelMesh"]
top_radius = 0.52
bottom_radius = 0.52
height = 0.45

[sub_resource type="StandardMaterial3D" id="MatCarB"]
albedo_color = Color(0.2, 0.28, 0.66, 1)
metallic = 0.2
roughness = 0.38

[sub_resource type="StandardMaterial3D" id="MatCreatureSkin"]
albedo_color = Color(0.3, 0.14, 0.42, 1)
roughness = 0.28
emission_enabled = true
emission = Color(0.72, 0.3, 0.96, 1)
emission_energy_multiplier = 1.4

[sub_resource type="SphereMesh" id="CreatureCoreMesh"]
radius = 1.4
height = 2.8

[sub_resource type="StandardMaterial3D" id="MatCreatureEye"]
roughness = 0.05
emission_enabled = true
emission = Color(0.42, 0.9, 1, 1)
emission_energy_multiplier = 7.0

[sub_resource type="SphereMesh" id="CreatureEyeMesh"]
radius = 0.22
height = 0.44

[sub_resource type="CylinderMesh" id="TentacleMesh"]
top_radius = 0.16
bottom_radius = 0.23
height = 2.8

[sub_resource type="CylinderShape3D" id="CylinderShape3D_ghs8o"]
height = 0.48632813
radius = 27.964844

[node name="Level03" type="Node3D" unique_id=364480891]
script = ExtResource("1")
floating_update_slices = 3
extra_float_mesh_count = 0
extra_float_prop_count = 0
surreal_field_center = Vector3(34, 30, -8)
surreal_field_extent = Vector3(174, 87, 132)

[node name="WorldEnvironment" type="WorldEnvironment" parent="." unique_id=668653246]
environment = SubResource("3")

[node name="Sun" type="DirectionalLight3D" parent="." unique_id=874477554]
transform = Transform3D(0.615661, -0.508532, 0.601031, 0, 0.763149, 0.646223, -0.788011, -0.397844, 0.469892, 0, 14, 0)
light_color = Color(0.98, 0.98, 1, 1)
light_energy = 1.2
shadow_enabled = true

[node name="FillLight" type="OmniLight3D" parent="." unique_id=1202251739]
transform = Transform3D(1, 0, 0, 0, 1, 0, 0, 0, 1, 36, 30, -22)
light_color = Color(0.9, 0.94, 1, 1)
light_energy = 1.35
omni_range = 110.0

[node name="FillLightB" type="OmniLight3D" parent="." unique_id=1501622015]
transform = Transform3D(1, 0, 0, 0, 1, 0, 0, 0, 1, -26, 40, 18)
light_color = Color(0.94, 0.96, 1, 1)
light_energy = 1.1
omni_range = 96.0

[node name="PlayerSpawn" type="Marker3D" parent="." unique_id=778854414]
transform = Transform3D(1, 0, 0, 0, 1, 0, 0, 0, 1, 0, 34, 0)

[node name="World" type="Node3D" parent="." unique_id=944909002]
script = ExtResource("2")
bgm_world_intro = ExtResource("11_bgm_level1")
bgm_level_one = ExtResource("11_bgm_level1")
bgm_level_two = ExtResource("12_bgm_level2")
bgm_level_three = ExtResource("12_bgm_level2")
bgm_level_four = ExtResource("13_bgm_level4")
bgm_ending_credits = ExtResource("13_bgm_level4")
sfx_glitch_overlay = ExtResource("14_sfx_glitch")
sfx_sky_cracking = ExtResource("15_sfx_sky_cracking")

[node name="Audio" type="Node" parent="World" unique_id=693592687]

[node name="BGMPlayer" type="AudioStreamPlayer" parent="World/Audio" unique_id=101583076]

[node name="SFXPlayer2D" type="AudioStreamPlayer2D" parent="World/Audio" unique_id=1219291697]

[node name="Player" parent="World" unique_id=1430319868 instance=ExtResource("3")]
transform = Transform3D(1, 0, 0, 0, 1, 0, 0, 0, 1, 0, 32.204937, 0)

[node name="Platforms" type="Node3D" parent="World" unique_id=1494453223]

[node name="SpawnPlatform" parent="World/Platforms" unique_id=388563077 instance=ExtResource("4")]
transform = Transform3D(2.8, 0, 0, 0, 1, 0, 0, 0, 2.8, 0, 32, 0)

[node name="BootsHouse" parent="World/Platforms" unique_id=1286526512 instance=ExtResource("9")]
transform = Transform3D(0.6, 0, 0, 0, 0.6, 0, 0, 0, 0.6, 1.6654396, 5.3668823, -19.741705)

[node name="JumpingBoots" parent="World/Platforms/BootsHouse" unique_id=444350027 instance=ExtResource("5")]
transform = Transform3D(0.9659259, 0, -0.25881907, 0.25669062, 0.12798202, 0.9579824, 0.033124186, -0.99177647, 0.123621136, 0, 6.5999994, 0.4000001)

[node name="BootsTraceMarker" type="Marker3D" parent="World/Platforms" unique_id=1760253384]
transform = Transform3D(0.99999994, 0, 0, 0, 0.9876883, -0.15643446, 0, 0.15643446, 0.9876883, 1.4995689, 9.971352, -20.052118)

[node name="BridgePlatforms" type="Node3D" parent="World/Platforms" unique_id=756291455]

[node name="BridgeA" parent="World/Platforms/BridgePlatforms" unique_id=267916812 instance=ExtResource("4")]
transform = Transform3D(2.3, 0, 0, 0, 1, 0, 0, 0, 2.3, 22, 27, -9)
visible = false
platform_mode = 1
move_speed = 1

[node name="BridgeB" parent="World/Platforms/BridgePlatforms" unique_id=1070735776 instance=ExtResource("4")]
transform = Transform3D(2.2, 0, 0, 0, 1, 0, 0, 0, 2.2, 30, 24, -12)
visible = false
platform_mode = 2
rotate_speed_deg = 46

[node name="BridgeC" parent="World/Platforms/BridgePlatforms" unique_id=827969476 instance=ExtResource("4")]
transform = Transform3D(2.1, 0, 0, 0, 1, 0, 0, 0, 2.1, 38, 21, -14)
visible = false
platform_mode = 3
disappear_delay = 0.4
reappear_delay = 2.2

[node name="BridgeD" parent="World/Platforms/BridgePlatforms" unique_id=511658935 instance=ExtResource("4")]
transform = Transform3D(2.4, 0, 0, 0, 1, 0, 0, 0, 2.4, 46, 19.5, -14)
visible = false

[node name="DragonPlatform" parent="World/Platforms" unique_id=1060336020 instance=ExtResource("4")]
transform = Transform3D(4.2, 0, 0, 0, 1, 0, 0, 0, 4.2, 6.253708, 17, 121.36737)

[node name="DragonArena" type="Node3D" parent="World/Platforms/DragonPlatform" unique_id=1176054983]
transform = Transform3D(1, 0, 0, 0, 1, 0, 0, 0, 1, 0, 0.82, 0)

[node name="ArenaFloor" type="MeshInstance3D" parent="World/Platforms/DragonPlatform/DragonArena" unique_id=877647727]
transform = Transform3D(1, 0, 0, 0, 0.99939084, -0.034899496, 0, 0.034899496, 0.99939084, 0, 0.26, 0)
material_override = SubResource("MatArenaStone")
mesh = SubResource("ArenaFloorMesh")

[node name="ArenaCenterMedallion" type="MeshInstance3D" parent="World/Platforms/DragonPlatform/DragonArena" unique_id=1297882564]
transform = Transform3D(1, 0, 0, 0, 0.9961947, -0.087155744, 0, 0.087155744, 0.9961947, 0, 0.64, 0)
material_override = SubResource("MatCourtLine")
mesh = SubResource("ArenaCenterMedallionMesh")

[node name="ArenaWallRing" type="CSGCombiner3D" parent="World/Platforms/DragonPlatform/DragonArena" unique_id=2139067895]
transform = Transform3D(1, 0, 0, 0, 0.99939084, -0.034899496, 0, 0.034899496, 0.99939084, 0, 1.5, 0)
use_collision = true

[node name="OuterWall" type="CSGCylinder3D" parent="World/Platforms/DragonPlatform/DragonArena/ArenaWallRing" unique_id=1628394768]
use_collision = true
radius = 6.2
height = 2.6
sides = 40
material = SubResource("MatArenaStone")

[node name="InnerCut" type="CSGCylinder3D" parent="World/Platforms/DragonPlatform/DragonArena/ArenaWallRing" unique_id=955527888]
operation = 2
use_collision = true
radius = 5.52
height = 2.9
sides = 40

[node name="CollisionRing" type="Node3D" parent="World/Platforms/DragonPlatform/DragonArena/ArenaWallRing" unique_id=202267612]

[node name="WallSegN" type="StaticBody3D" parent="World/Platforms/DragonPlatform/DragonArena/ArenaWallRing/CollisionRing" unique_id=1860251309]
transform = Transform3D(1, 0, 0, 0, 1, 0, 0, 0, 1, 0, 0, -5.86)

[node name="CollisionShape3D" type="CollisionShape3D" parent="World/Platforms/DragonPlatform/DragonArena/ArenaWallRing/CollisionRing/WallSegN" unique_id=349541322]
shape = SubResource("ArenaWallCollisionSegmentShape")

[node name="WallSegNE" type="StaticBody3D" parent="World/Platforms/DragonPlatform/DragonArena/ArenaWallRing/CollisionRing" unique_id=2033699948]
transform = Transform3D(0.70710677, 0, 0.70710677, 0, 1, 0, -0.70710677, 0, 0.70710677, 4.14, 0, -4.14)

[node name="CollisionShape3D" type="CollisionShape3D" parent="World/Platforms/DragonPlatform/DragonArena/ArenaWallRing/CollisionRing/WallSegNE" unique_id=947835281]
shape = SubResource("ArenaWallCollisionSegmentShape")

[node name="WallSegE" type="StaticBody3D" parent="World/Platforms/DragonPlatform/DragonArena/ArenaWallRing/CollisionRing" unique_id=686634607]
transform = Transform3D(-4.371139e-08, 0, 1, 0, 1, 0, -1, 0, -4.371139e-08, 5.86, 0, 0)

[node name="CollisionShape3D" type="CollisionShape3D" parent="World/Platforms/DragonPlatform/DragonArena/ArenaWallRing/CollisionRing/WallSegE" unique_id=171693218]
shape = SubResource("ArenaWallCollisionSegmentShape")

[node name="WallSegSE" type="StaticBody3D" parent="World/Platforms/DragonPlatform/DragonArena/ArenaWallRing/CollisionRing" unique_id=1461149129]
transform = Transform3D(-0.70710677, 0, 0.70710677, 0, 1, 0, -0.70710677, 0, -0.70710677, 4.14, 0, 4.14)

[node name="CollisionShape3D" type="CollisionShape3D" parent="World/Platforms/DragonPlatform/DragonArena/ArenaWallRing/CollisionRing/WallSegSE" unique_id=1135400852]
shape = SubResource("ArenaWallCollisionSegmentShape")

[node name="WallSegS" type="StaticBody3D" parent="World/Platforms/DragonPlatform/DragonArena/ArenaWallRing/CollisionRing" unique_id=1544168931]
transform = Transform3D(-1, 0, -8.742278e-08, 0, 1, 0, 8.742278e-08, 0, -1, 0, 0, 5.86)

[node name="CollisionShape3D" type="CollisionShape3D" parent="World/Platforms/DragonPlatform/DragonArena/ArenaWallRing/CollisionRing/WallSegS" unique_id=1136669546]
shape = SubResource("ArenaWallCollisionSegmentShape")

[node name="WallSegSW" type="StaticBody3D" parent="World/Platforms/DragonPlatform/DragonArena/ArenaWallRing/CollisionRing" unique_id=1958687542]
transform = Transform3D(-0.70710677, 0, -0.70710677, 0, 1, 0, 0.70710677, 0, -0.70710677, -4.14, 0, 4.14)

[node name="CollisionShape3D" type="CollisionShape3D" parent="World/Platforms/DragonPlatform/DragonArena/ArenaWallRing/CollisionRing/WallSegSW" unique_id=2054475170]
shape = SubResource("ArenaWallCollisionSegmentShape")

[node name="WallSegW" type="StaticBody3D" parent="World/Platforms/DragonPlatform/DragonArena/ArenaWallRing/CollisionRing" unique_id=1432074869]
transform = Transform3D(-4.371139e-08, 0, -1, 0, 1, 0, 1, 0, -4.371139e-08, -5.86, 0, 0)

[node name="CollisionShape3D" type="CollisionShape3D" parent="World/Platforms/DragonPlatform/DragonArena/ArenaWallRing/CollisionRing/WallSegW" unique_id=2122187556]
shape = SubResource("ArenaWallCollisionSegmentShape")

[node name="WallSegNW" type="StaticBody3D" parent="World/Platforms/DragonPlatform/DragonArena/ArenaWallRing/CollisionRing" unique_id=1764690720]
transform = Transform3D(0.70710677, 0, -0.70710677, 0, 1, 0, 0.70710677, 0, 0.70710677, -4.14, 0, -4.14)

[node name="CollisionShape3D" type="CollisionShape3D" parent="World/Platforms/DragonPlatform/DragonArena/ArenaWallRing/CollisionRing/WallSegNW" unique_id=1842959675]
shape = SubResource("ArenaWallCollisionSegmentShape")

[node name="StepRingA" type="MeshInstance3D" parent="World/Platforms/DragonPlatform/DragonArena" unique_id=1216372862]
transform = Transform3D(1, 0, 0, 0, 0.99939084, -0.034899496, 0, 0.034899496, 0.99939084, 0, 0.38, 0)
material_override = SubResource("MatArenaAccent")
mesh = SubResource("ArenaStepRingMeshA")

[node name="StepRingB" type="MeshInstance3D" parent="World/Platforms/DragonPlatform/DragonArena" unique_id=1207044744]
transform = Transform3D(1, 0, 0, 0, 0.99939084, -0.034899496, 0, 0.034899496, 0.99939084, 0, 0.2, 0)
material_override = SubResource("MatArenaStone")
mesh = SubResource("ArenaStepRingMeshB")

[node name="ColosseumModules" type="Node3D" parent="World/Platforms/DragonPlatform/DragonArena" unique_id=831578953]
transform = Transform3D(1, 0, 0, 0, 0.99939084, -0.034899496, 0, 0.034899496, 0.99939084, 0, 0.5, 0)

[node name="ColumnN" type="MeshInstance3D" parent="World/Platforms/DragonPlatform/DragonArena/ColosseumModules" unique_id=783732335]
transform = Transform3D(1, 0, 0, 0, 0.997564, -0.06975647, 0, 0.06975647, 0.997564, 0, 2.05, -6.75)
material_override = SubResource("MatArenaAccent")
mesh = SubResource("ArenaColumnMesh")

[node name="Collider" type="StaticBody3D" parent="World/Platforms/DragonPlatform/DragonArena/ColosseumModules/ColumnN" unique_id=1448132923]

[node name="CollisionShape3D" type="CollisionShape3D" parent="World/Platforms/DragonPlatform/DragonArena/ColosseumModules/ColumnN/Collider" unique_id=658301547]
shape = SubResource("ArenaColumnCollisionShape")

[node name="ColumnNE" type="MeshInstance3D" parent="World/Platforms/DragonPlatform/DragonArena/ColosseumModules" unique_id=1325085744]
transform = Transform3D(0.70710677, 0, 0.70710677, 0.04932528, 0.997564, -0.04932528, -0.7053844, 0.06975647, 0.7053844, 4.77, 2.05, -4.77)
material_override = SubResource("MatArenaAccent")
mesh = SubResource("ArenaColumnMesh")

[node name="Collider" type="StaticBody3D" parent="World/Platforms/DragonPlatform/DragonArena/ColosseumModules/ColumnNE" unique_id=1903901480]

[node name="CollisionShape3D" type="CollisionShape3D" parent="World/Platforms/DragonPlatform/DragonArena/ColosseumModules/ColumnNE/Collider" unique_id=1200256361]
shape = SubResource("ArenaColumnCollisionShape")

[node name="ColumnE" type="MeshInstance3D" parent="World/Platforms/DragonPlatform/DragonArena/ColosseumModules" unique_id=124375398]
transform = Transform3D(0.017452383, 0, -0.9998477, -0.06974585, 0.997564, -0.0012179748, 0.99741215, 0.06975647, 0.017409906, 6.75, 2.05, 0)
material_override = SubResource("MatArenaAccent")
mesh = SubResource("ArenaColumnMesh")

[node name="Collider" type="StaticBody3D" parent="World/Platforms/DragonPlatform/DragonArena/ColosseumModules/ColumnE" unique_id=1307632915]

[node name="CollisionShape3D" type="CollisionShape3D" parent="World/Platforms/DragonPlatform/DragonArena/ColosseumModules/ColumnE/Collider" unique_id=862799820]
shape = SubResource("ArenaColumnCollisionShape")

[node name="ColumnSE" type="MeshInstance3D" parent="World/Platforms/DragonPlatform/DragonArena/ColosseumModules" unique_id=620638012]
transform = Transform3D(-0.70710677, 0, 0.70710677, 0.04932528, 0.997564, 0.04932528, -0.7053844, 0.06975647, -0.7053844, 4.77, 2.05, 4.77)
material_override = SubResource("MatArenaAccent")
mesh = SubResource("ArenaColumnMesh")

[node name="Collider" type="StaticBody3D" parent="World/Platforms/DragonPlatform/DragonArena/ColosseumModules/ColumnSE" unique_id=2051990028]

[node name="CollisionShape3D" type="CollisionShape3D" parent="World/Platforms/DragonPlatform/DragonArena/ColosseumModules/ColumnSE/Collider" unique_id=636023908]
shape = SubResource("ArenaColumnCollisionShape")

[node name="ColumnS" type="MeshInstance3D" parent="World/Platforms/DragonPlatform/DragonArena/ColosseumModules" unique_id=2059931734]
transform = Transform3D(-1, 0, -8.742278e-08, -6.099934e-09, 0.997564, 0.06975647, 8.720978e-08, 0.06975647, -0.997564, 0, 2.05, 6.75)
material_override = SubResource("MatArenaAccent")
mesh = SubResource("ArenaColumnMesh")

[node name="Collider" type="StaticBody3D" parent="World/Platforms/DragonPlatform/DragonArena/ColosseumModules/ColumnS" unique_id=1385425625]

[node name="CollisionShape3D" type="CollisionShape3D" parent="World/Platforms/DragonPlatform/DragonArena/ColosseumModules/ColumnS/Collider" unique_id=1659845839]
shape = SubResource("ArenaColumnCollisionShape")

[node name="ColumnSW" type="MeshInstance3D" parent="World/Platforms/DragonPlatform/DragonArena/ColosseumModules" unique_id=98025217]
transform = Transform3D(-0.7071067, 0, -0.7071068, -0.049325295, 0.997564, 0.049325284, 0.70538443, 0.06975647, -0.7053843, -4.77, 2.05, 4.77)
material_override = SubResource("MatArenaAccent")
mesh = SubResource("ArenaColumnMesh")

[node name="Collider" type="StaticBody3D" parent="World/Platforms/DragonPlatform/DragonArena/ColosseumModules/ColumnSW" unique_id=1103288848]

[node name="CollisionShape3D" type="CollisionShape3D" parent="World/Platforms/DragonPlatform/DragonArena/ColosseumModules/ColumnSW/Collider" unique_id=2069758200]
shape = SubResource("ArenaColumnCollisionShape")

[node name="ColumnW" type="MeshInstance3D" parent="World/Platforms/DragonPlatform/DragonArena/ColosseumModules" unique_id=1403237357]
transform = Transform3D(-0.017452544, 0, 0.99984765, 0.06974584, 0.997564, 0.0012179861, -0.99741215, 0.06975647, -0.017410068, -6.75, 2.05, 0)
material_override = SubResource("MatArenaAccent")
mesh = SubResource("ArenaColumnMesh")

[node name="Collider" type="StaticBody3D" parent="World/Platforms/DragonPlatform/DragonArena/ColosseumModules/ColumnW" unique_id=1140312289]

[node name="CollisionShape3D" type="CollisionShape3D" parent="World/Platforms/DragonPlatform/DragonArena/ColosseumModules/ColumnW/Collider" unique_id=1294259689]
shape = SubResource("ArenaColumnCollisionShape")

[node name="ColumnNW" type="MeshInstance3D" parent="World/Platforms/DragonPlatform/DragonArena/ColosseumModules" unique_id=704501318]
transform = Transform3D(0.7071068, 0, -0.7071067, -0.049325284, 0.997564, -0.049325295, 0.7053843, 0.06975647, 0.70538443, -4.77, 2.05, -4.77)
material_override = SubResource("MatArenaAccent")
mesh = SubResource("ArenaColumnMesh")

[node name="Collider" type="StaticBody3D" parent="World/Platforms/DragonPlatform/DragonArena/ColosseumModules/ColumnNW" unique_id=5273278]

[node name="CollisionShape3D" type="CollisionShape3D" parent="World/Platforms/DragonPlatform/DragonArena/ColosseumModules/ColumnNW/Collider" unique_id=142076539]
shape = SubResource("ArenaColumnCollisionShape")

[node name="ArchN" type="MeshInstance3D" parent="World/Platforms/DragonPlatform/DragonArena/ColosseumModules" unique_id=1944465569]
transform = Transform3D(1, 0, 0, 0, 0.99939084, -0.034899496, 0, 0.034899496, 0.99939084, 0, 4.08, -6.75)
material_override = SubResource("MatArenaStone")
mesh = SubResource("ArenaArchBeamMesh")

[node name="Collider" type="StaticBody3D" parent="World/Platforms/DragonPlatform/DragonArena/ColosseumModules/ArchN" unique_id=81479967]

[node name="CollisionShape3D" type="CollisionShape3D" parent="World/Platforms/DragonPlatform/DragonArena/ColosseumModules/ArchN/Collider" unique_id=1257977712]
shape = SubResource("ArenaArchCollisionShape")

[node name="ArchNE" type="MeshInstance3D" parent="World/Platforms/DragonPlatform/DragonArena/ColosseumModules" unique_id=171957863]
transform = Transform3D(0.70710677, 0, 0.70710677, 0.024677671, 0.99939084, -0.024677671, -0.70667595, 0.034899496, 0.70667595, 4.77, 4.08, -4.77)
material_override = SubResource("MatArenaStone")
mesh = SubResource("ArenaArchBeamMesh")

[node name="Collider" type="StaticBody3D" parent="World/Platforms/DragonPlatform/DragonArena/ColosseumModules/ArchNE" unique_id=1938674035]

[node name="CollisionShape3D" type="CollisionShape3D" parent="World/Platforms/DragonPlatform/DragonArena/ColosseumModules/ArchNE/Collider" unique_id=1319982715]
shape = SubResource("ArenaArchCollisionShape")

[node name="ArchE" type="MeshInstance3D" parent="World/Platforms/DragonPlatform/DragonArena/ColosseumModules" unique_id=2132752472]
transform = Transform3D(0, 0, -1, -0.034899496, 0.99939084, 0, 0.99939084, 0.034899496, 0, 6.75, 4.08, 0)
material_override = SubResource("MatArenaStone")
mesh = SubResource("ArenaArchBeamMesh")

[node name="Collider" type="StaticBody3D" parent="World/Platforms/DragonPlatform/DragonArena/ColosseumModules/ArchE" unique_id=1852585863]

[node name="CollisionShape3D" type="CollisionShape3D" parent="World/Platforms/DragonPlatform/DragonArena/ColosseumModules/ArchE/Collider" unique_id=637431721]
shape = SubResource("ArenaArchCollisionShape")

[node name="ArchSE" type="MeshInstance3D" parent="World/Platforms/DragonPlatform/DragonArena/ColosseumModules" unique_id=34518056]
transform = Transform3D(-0.70710677, 0, 0.70710677, 0.024677671, 0.99939084, 0.024677671, -0.70667595, 0.034899496, -0.70667595, 4.77, 4.08, 4.77)
material_override = SubResource("MatArenaStone")
mesh = SubResource("ArenaArchBeamMesh")

[node name="Collider" type="StaticBody3D" parent="World/Platforms/DragonPlatform/DragonArena/ColosseumModules/ArchSE" unique_id=63470347]

[node name="CollisionShape3D" type="CollisionShape3D" parent="World/Platforms/DragonPlatform/DragonArena/ColosseumModules/ArchSE/Collider" unique_id=627533563]
shape = SubResource("ArenaArchCollisionShape")

[node name="ArchS" type="MeshInstance3D" parent="World/Platforms/DragonPlatform/DragonArena/ColosseumModules" unique_id=711886515]
transform = Transform3D(-1, 0, 0, 0, 0.99939084, 0.034899496, 0, 0.034899496, -0.99939084, 0, 4.08, 6.75)
material_override = SubResource("MatArenaStone")
mesh = SubResource("ArenaArchBeamMesh")

[node name="Collider" type="StaticBody3D" parent="World/Platforms/DragonPlatform/DragonArena/ColosseumModules/ArchS" unique_id=1148929589]

[node name="CollisionShape3D" type="CollisionShape3D" parent="World/Platforms/DragonPlatform/DragonArena/ColosseumModules/ArchS/Collider" unique_id=1085522707]
shape = SubResource("ArenaArchCollisionShape")

[node name="ArchSW" type="MeshInstance3D" parent="World/Platforms/DragonPlatform/DragonArena/ColosseumModules" unique_id=809613878]
transform = Transform3D(-0.7071067, 0, -0.7071068, -0.024677675, 0.99939084, 0.02467767, 0.70667595, 0.034899496, -0.7066759, -4.77, 4.08, 4.77)
material_override = SubResource("MatArenaStone")
mesh = SubResource("ArenaArchBeamMesh")

[node name="Collider" type="StaticBody3D" parent="World/Platforms/DragonPlatform/DragonArena/ColosseumModules/ArchSW" unique_id=1765774171]

[node name="CollisionShape3D" type="CollisionShape3D" parent="World/Platforms/DragonPlatform/DragonArena/ColosseumModules/ArchSW/Collider" unique_id=1370053015]
shape = SubResource("ArenaArchCollisionShape")

[node name="ArchW" type="MeshInstance3D" parent="World/Platforms/DragonPlatform/DragonArena/ColosseumModules" unique_id=1755968081]
transform = Transform3D(0, 0, 1, 0.034899496, 0.99939084, 0, -0.99939084, 0.034899496, 0, -6.75, 4.08, 0)
material_override = SubResource("MatArenaStone")
mesh = SubResource("ArenaArchBeamMesh")

[node name="Collider" type="StaticBody3D" parent="World/Platforms/DragonPlatform/DragonArena/ColosseumModules/ArchW" unique_id=478167618]

[node name="CollisionShape3D" type="CollisionShape3D" parent="World/Platforms/DragonPlatform/DragonArena/ColosseumModules/ArchW/Collider" unique_id=818708115]
shape = SubResource("ArenaArchCollisionShape")

[node name="ArchNW" type="MeshInstance3D" parent="World/Platforms/DragonPlatform/DragonArena/ColosseumModules" unique_id=1930897497]
transform = Transform3D(0.7071068, 0, -0.7071067, -0.02467767, 0.99939084, -0.024677675, 0.7066759, 0.034899496, 0.70667595, -4.77, 4.08, -4.77)
material_override = SubResource("MatArenaStone")
mesh = SubResource("ArenaArchBeamMesh")

[node name="Collider" type="StaticBody3D" parent="World/Platforms/DragonPlatform/DragonArena/ColosseumModules/ArchNW" unique_id=1939579577]

[node name="CollisionShape3D" type="CollisionShape3D" parent="World/Platforms/DragonPlatform/DragonArena/ColosseumModules/ArchNW/Collider" unique_id=748206683]
shape = SubResource("ArenaArchCollisionShape")

[node name="ButtressN" type="MeshInstance3D" parent="World/Platforms/DragonPlatform/DragonArena/ColosseumModules" unique_id=1642219957]
transform = Transform3D(1, 0, 0, 0, 0.99939084, -0.034899496, 0, 0.034899496, 0.99939084, 0, 0.96, -7.35)
material_override = SubResource("MatArenaStone")
mesh = SubResource("ArenaButtressMesh")

[node name="Collider" type="StaticBody3D" parent="World/Platforms/DragonPlatform/DragonArena/ColosseumModules/ButtressN" unique_id=1728613838]

[node name="CollisionShape3D" type="CollisionShape3D" parent="World/Platforms/DragonPlatform/DragonArena/ColosseumModules/ButtressN/Collider" unique_id=26992800]
shape = SubResource("ArenaButtressCollisionShape")

[node name="ButtressE" type="MeshInstance3D" parent="World/Platforms/DragonPlatform/DragonArena/ColosseumModules" unique_id=724462944]
transform = Transform3D(0, 0, -1, -0.034899496, 0.99939084, 0, 0.99939084, 0.034899496, 0, 7.35, 0.96, 0)
material_override = SubResource("MatArenaStone")
mesh = SubResource("ArenaButtressMesh")

[node name="Collider" type="StaticBody3D" parent="World/Platforms/DragonPlatform/DragonArena/ColosseumModules/ButtressE" unique_id=463183845]

[node name="CollisionShape3D" type="CollisionShape3D" parent="World/Platforms/DragonPlatform/DragonArena/ColosseumModules/ButtressE/Collider" unique_id=652127937]
shape = SubResource("ArenaButtressCollisionShape")

[node name="ButtressS" type="MeshInstance3D" parent="World/Platforms/DragonPlatform/DragonArena/ColosseumModules" unique_id=1139261403]
transform = Transform3D(-1, 0, 0, 0, 0.99939084, 0.034899496, 0, 0.034899496, -0.99939084, 0, 0.96, 7.35)
material_override = SubResource("MatArenaStone")
mesh = SubResource("ArenaButtressMesh")

[node name="Collider" type="StaticBody3D" parent="World/Platforms/DragonPlatform/DragonArena/ColosseumModules/ButtressS" unique_id=1905215132]

[node name="CollisionShape3D" type="CollisionShape3D" parent="World/Platforms/DragonPlatform/DragonArena/ColosseumModules/ButtressS/Collider" unique_id=1980394664]
shape = SubResource("ArenaButtressCollisionShape")

[node name="ButtressW" type="MeshInstance3D" parent="World/Platforms/DragonPlatform/DragonArena/ColosseumModules" unique_id=1075463246]
transform = Transform3D(0, 0, 1, 0.034899496, 0.99939084, 0, -0.99939084, 0.034899496, 0, -7.35, 0.96, 0)
material_override = SubResource("MatArenaStone")
mesh = SubResource("ArenaButtressMesh")

[node name="Collider" type="StaticBody3D" parent="World/Platforms/DragonPlatform/DragonArena/ColosseumModules/ButtressW" unique_id=348668231]

[node name="CollisionShape3D" type="CollisionShape3D" parent="World/Platforms/DragonPlatform/DragonArena/ColosseumModules/ButtressW/Collider" unique_id=1619673860]
shape = SubResource("ArenaButtressCollisionShape")

[node name="FinalPlatform" parent="World/Platforms" unique_id=183987220 instance=ExtResource("4")]
transform = Transform3D(5.5, 0, 0, 0, 1, 0, 0, 0, 5.5, 74, 25, -8)

[node name="RuinsPlatform" parent="World/Platforms" unique_id=2026567978 instance=ExtResource("4")]
transform = Transform3D(6.6, 0, 0, 0, 1, 0, 0, 0, 6.6, 285.31116, 166.264, -355.95502)

[node name="Ruins" type="Node3D" parent="World/Platforms/RuinsPlatform" unique_id=652105667]
transform = Transform3D(1, 0, 0, 0, 1, 0, 0, 0, 1, 0, 0.95, 0)

[node name="WallN" type="MeshInstance3D" parent="World/Platforms/RuinsPlatform/Ruins" unique_id=1223208942]
transform = Transform3D(1, 0, 0, 0, 0.9848077, -0.17364818, 0, 0.17364818, 0.9848077, 0, 1.7, -6.1)
material_override = SubResource("MatRuinsStone")
mesh = SubResource("RuinsWallMesh")

[node name="WallS" type="MeshInstance3D" parent="World/Platforms/RuinsPlatform/Ruins" unique_id=566563889]
transform = Transform3D(1, 0, 0, 0, 0.9848077, -0.17364818, 0, 0.17364818, 0.9848077, 0, 1.7, 6.1)
material_override = SubResource("MatRuinsStone")
mesh = SubResource("RuinsWallMesh")

[node name="WallW" type="MeshInstance3D" parent="World/Platforms/RuinsPlatform/Ruins" unique_id=819434321]
transform = Transform3D(0.017452383, 0, -0.9998477, 0, 1, 0, 0.9998477, 0, 0.017452383, -6.1, 1.7, 0)
material_override = SubResource("MatRuinsStone")
mesh = SubResource("RuinsWallMesh")

[node name="WallE" type="MeshInstance3D" parent="World/Platforms/RuinsPlatform/Ruins" unique_id=726687127]
transform = Transform3D(0.017452383, 0, -0.9998477, 0, 1, 0, 0.9998477, 0, 0.017452383, 6.1, 1.7, 0)
material_override = SubResource("MatRuinsStone")
mesh = SubResource("RuinsWallMesh")

[node name="ColumnA" type="MeshInstance3D" parent="World/Platforms/RuinsPlatform/Ruins" unique_id=522623693]
transform = Transform3D(1, 0, 0, 0, 0.9961947, -0.087155744, 0, 0.087155744, 0.9961947, -5.8, 2.35, -5.8)
material_override = SubResource("MatRuinsStone")
mesh = SubResource("RuinsColumnMesh")

[node name="ColumnB" type="MeshInstance3D" parent="World/Platforms/RuinsPlatform/Ruins" unique_id=1794948370]
transform = Transform3D(1, 0, 0, 0, 0.9961947, -0.087155744, 0, 0.087155744, 0.9961947, 5.8, 2.35, -5.8)
material_override = SubResource("MatRuinsStone")
mesh = SubResource("RuinsColumnMesh")

[node name="ColumnC" type="MeshInstance3D" parent="World/Platforms/RuinsPlatform/Ruins" unique_id=1401022163]
transform = Transform3D(1, 0, 0, 0, 0.9961947, -0.087155744, 0, 0.087155744, 0.9961947, -5.8, 2.35, 5.8)
material_override = SubResource("MatRuinsStone")
mesh = SubResource("RuinsColumnMesh")

[node name="ColumnD" type="MeshInstance3D" parent="World/Platforms/RuinsPlatform/Ruins" unique_id=1651010498]
transform = Transform3D(1, 0, 0, 0, 0.9961947, -0.087155744, 0, 0.087155744, 0.9961947, 5.8, 2.35, 5.8)
material_override = SubResource("MatRuinsStone")
mesh = SubResource("RuinsColumnMesh")

[node name="BrokenShardA" type="MeshInstance3D" parent="World/Platforms/RuinsPlatform/Ruins" unique_id=662416916]
transform = Transform3D(0.9961947, -0.087155744, 0, 0.066765174, 0.7631294, -0.64278764, 0.05602263, 0.6403416, 0.7660445, -2.9000015, 2.199997, -6.87558)
material_override = SubResource("MatRuinsStone")
mesh = SubResource("RuinsShardMesh")

[node name="BrokenShardB" type="MeshInstance3D" parent="World/Platforms/RuinsPlatform/Ruins" unique_id=563924516]
transform = Transform3D(0.9781476, 0.20791169, 0, -0.15110411, 0.7102641, -0.6872811, -0.14285715, 0.67234534, 0.7263101, 5.539009, 2.100006, -5.72966)
material_override = SubResource("MatRuinsStone")
mesh = SubResource("RuinsShardMesh")

[node name="BrokenShardC" type="MeshInstance3D" parent="World/Platforms/RuinsPlatform/Ruins" unique_id=864600625]
transform = Transform3D(0.9396926, 0.34202015, 0, -0.19863228, 0.54697317, -0.81379765, -0.278847, 0.76448387, 0.58130807, -4.804947, 2, 3.7999992)
material_override = SubResource("MatRuinsStone")
mesh = SubResource("RuinsShardMesh")

[node name="DragonGuard" parent="World" unique_id=735975463 instance=ExtResource("6")]
transform = Transform3D(-7.708599, 0, -10.467928, 0, 13, 0, 10.467928, 0, -7.708599, 27.719936, 20.286154, 143.03024)

[node name="DragonKeycard" parent="World" unique_id=375519423 instance=ExtResource("7")]
transform = Transform3D(2.35, 0, 0, 0, 2.35, 0, 0, 0, 2.35, 4.2002716, 18.364773, 134.52335)
key_id = "key_3"
use_any_free_slot = true
auto_select_after_pickup = true

[node name="BowPickup" parent="World" unique_id=591530306 instance=ExtResource("18_bow_item")]
transform = Transform3D(0.94, 0, -0.34202015, 0, 1, 0, 0.34202015, 0, 0.94, 7.3183136, 18.688738, 105.031624)

[node name="DragonEncounter" type="Node3D" parent="World" unique_id=905670534]

[node name="ArenaTrigger" type="Area3D" parent="World/DragonEncounter" unique_id=2025829314]
transform = Transform3D(10, 0, 0, 0, 10, 0, 0, 0, 10, 5.230503, 19.181684, 124.10852)

[node name="CollisionShape3D" type="CollisionShape3D" parent="World/DragonEncounter/ArenaTrigger" unique_id=2023299434]
transform = Transform3D(1, 0, 0, 0, 1, 0, 0, 0, 1, 0, 0, 0.3356352)
shape = SubResource("10")

[node name="FightCamera" type="Camera3D" parent="World/DragonEncounter" unique_id=1781885947]
transform = Transform3D(0.9363617, -0.052907612, 0.34702685, 0, 0.9885768, 0.15071812, -0.35103685, -0.14112668, 0.9256654, 5.115986, 22.2, 107.40503)
fov = 62.0

[node name="DragonSpawnMarker" type="Marker3D" parent="World/DragonEncounter" unique_id=1025876110]
transform = Transform3D(0.9063078, 0, 0.42261827, 0, 1, 0, -0.42261827, 0, 0.9063078, 27.72, 20.28, 143)

[node name="ArchMarkers" type="Node3D" parent="World/DragonEncounter" unique_id=1700387011]

[node name="Arch01" type="Marker3D" parent="World/DragonEncounter/ArchMarkers" unique_id=1024589001]
transform = Transform3D(0.9063078, 0, 0.42261827, 0, 1, 0, -0.42261827, 0, 0.9063078, 27.72, 20.28, 143)

[node name="Arch02" type="Marker3D" parent="World/DragonEncounter/ArchMarkers" unique_id=594339667]
transform = Transform3D(0.81915206, 0, 0.57357645, 0, 1, 0, -0.57357645, 0, 0.81915206, 6.087, 20.28, 150.887)

[node name="Arch03" type="Marker3D" parent="World/DragonEncounter/ArchMarkers" unique_id=1834952095]
transform = Transform3D(-0.9999716, 0, 0.0075223446, 0, 1, 0, -0.0075223446, 0, -0.9999716, -14.049, 20.28, 141.941)

[node name="Arch04" type="Marker3D" parent="World/DragonEncounter/ArchMarkers" unique_id=359751114]
transform = Transform3D(0.42261827, 0, 0.9063078, 0, 1, 0, -0.9063078, 0, 0.42261827, -22.487, 20.28, 121.838)

[node name="Arch05" type="Marker3D" parent="World/DragonEncounter/ArchMarkers" unique_id=1013929584]
transform = Transform3D(0.17364818, 0, 0.9848077, 0, 1, 0, -0.9848077, 0, 0.17364818, -14.084, 20.28, 101.714)

[node name="Arch06" type="Marker3D" parent="World/DragonEncounter/ArchMarkers" unique_id=737756712]
transform = Transform3D(-0.17364818, 0, 0.9848077, 0, 1, 0, -0.9848077, 0, -0.17364818, 6.042304, 20.28, 92.508156)

[node name="Arch07" type="Marker3D" parent="World/DragonEncounter/ArchMarkers" unique_id=1351779776]
transform = Transform3D(-0.42261827, 0, 0.9063078, 0, 1, 0, -0.9063078, 0, -0.42261827, 34.438156, 20.28, 121.614136)

[node name="Arch08" type="Marker3D" parent="World/DragonEncounter/ArchMarkers" unique_id=1684363827]
