[gd_scene format=3]

[ext_resource type="Script" path="res://scripts/objects/axia_boss.gd" id="1_script"]
[ext_resource type="PackedScene" path="res://scenes/characters/rose.tscn" id="2_rose"]
[ext_resource type="Shader" path="res://shaders/axia_energy.gdshader" id="3_shader"]

[sub_resource type="ShaderMaterial" id="AuraMat"]
shader = ExtResource("3_shader")
shader_parameter/base_color = Color(0.07, 0.16, 0.28, 0.34)
shader_parameter/accent_color = Color(0.34, 0.1, 0.48, 0.7)
shader_parameter/emission_energy = 4.1
shader_parameter/pulse_speed = 2.0
shader_parameter/flow_strength = 0.22
shader_parameter/edge_softness = 1.15

[sub_resource type="ShaderMaterial" id="WindMat"]
shader = ExtResource("3_shader")
shader_parameter/base_color = Color(0.06, 0.2, 0.12, 0.38)
shader_parameter/accent_color = Color(0.18, 0.5, 0.3, 0.72)
shader_parameter/emission_energy = 4.7
shader_parameter/pulse_speed = 3.2
shader_parameter/flow_strength = 0.44
shader_parameter/edge_softness = 1.22

[sub_resource type="CylinderMesh" id="AuraRingMesh"]
top_radius = 2.1
bottom_radius = 2.1
height = 0.08

[sub_resource type="CylinderMesh" id="WindDiscMesh"]
top_radius = 1.3
bottom_radius = 1.3
height = 0.05

[sub_resource type="Gradient" id="AshGradient"]
offsets = PackedFloat32Array(0, 0.12, 0.68, 1)
colors = PackedColorArray(0.58, 0.6, 0.63, 0, 0.65, 0.66, 0.68, 0.86, 0.32, 0.34, 0.38, 0.46, 0.18, 0.19, 0.22, 0)

[sub_resource type="GradientTexture1D" id="AshGradientTex"]
gradient = SubResource("AshGradient")

[sub_resource type="ParticleProcessMaterial" id="AshParticlesMat"]
direction = Vector3(0, 1, 0)
spread = 50.0
initial_velocity_min = 0.7
initial_velocity_max = 2.2
gravity = Vector3(0, -0.35, 0)
scale_min = 0.08
scale_max = 0.24
angular_velocity_min = -6.2
angular_velocity_max = 6.2
color = Color(0.42, 0.44, 0.48, 0.92)
color_ramp = SubResource("AshGradientTex")

[sub_resource type="QuadMesh" id="AshQuadMesh"]
size = Vector2(0.11, 0.11)

[node name="AxiaBoss" type="Node3D"]
visible = false
script = ExtResource("1_script")
max_health = 300.0
attack_interval = 8.0
encounter_start_cooldown = 2.6
gravity_strength = 21.0
ground_height = 0.0
death_fall_target_local_y = -0.08
death_fall_gravity_multiplier = 1.45
death_dim_duration_cap = 0.8
death_dim_duration_ratio = 0.55
death_visual_scale_multiplier = 0.94
death_dissolve_duration = 2.2
death_dissolve_self_scale_multiplier = 0.82
death_dissolve_visual_scale_multiplier = 0.64
death_ash_cleanup_delay = 0.3
min_die_animation_duration = 0.9
ash_spawn_height_offset = 1.0
idle_hover_base = 0.2
idle_hover_amplitude = 0.08
idle_hover_speed = 0.0018
aura_ring_base_scale = 0.95
aura_ring_pulse_amplitude = 0.06
aura_ring_pulse_speed = 0.0022
aura_ring_rotation_speed = 0.7
aura_light_base_energy = 1.5
aura_light_pulse_amplitude = 0.3
aura_light_pulse_speed = 0.002
wind_pulse_light_color = Color(0.22, 0.48, 0.28, 1)

[node name="Rose" parent="." instance=ExtResource("2_rose")]
transform = Transform3D(-0.6156615, 0, -0.7880107, 0, 1, 0, 0.7880107, 0, -0.6156615, 0, 0.7, 0)

[node name="VisualRoot" type="Node3D" parent="."]
transform = Transform3D(1, 0, 0, 0, 1, 0, 0, 0, 1, 0, 0.08, 0)

[node name="AuraRing" type="MeshInstance3D" parent="VisualRoot"]
transform = Transform3D(1, 0, 0, 0, 1, 0, 0, 0, 1, 0, 0.06, 0)
material_override = SubResource("AuraMat")
mesh = SubResource("AuraRingMesh")

[node name="WindDisc" type="MeshInstance3D" parent="VisualRoot"]
transform = Transform3D(1, 0, 0, 0, 1, 0, 0, 0, 1, 0, 0.08, 0)
material_override = SubResource("WindMat")
mesh = SubResource("WindDiscMesh")

[node name="AuraLight" type="OmniLight3D" parent="VisualRoot"]
transform = Transform3D(1, 0, 0, 0, 1, 0, 0, 0, 1, 0, 2.2, 0)
light_color = Color(0.46, 0.34, 0.28, 1)
light_energy = 1.8
omni_range = 12.0

[node name="ProjectileRoot" type="Node3D" parent="."]

[node name="SnareRoot" type="Node3D" parent="."]

[node name="AshEffectAnchor" type="Marker3D" parent="."]
transform = Transform3D(1, 0, 0, 0, 1, 0, 0, 0, 1, 0, 1.05, 0)

[node name="AshEffect" type="GPUParticles3D" parent="."]
amount = 220
lifetime = 2.2
one_shot = true
preprocess = 0.1
local_coords = false
draw_passes = 1
process_material = SubResource("AshParticlesMat")
draw_pass_1 = SubResource("AshQuadMesh")

[node name="Launchers" type="Node3D" parent="."]

[node name="North" type="Marker3D" parent="Launchers"]
transform = Transform3D(1, 0, 0, 0, 0.9659258, -0.25881904, 0, 0.25881904, 0.9659258, 0, 7.8, -7.8)

[node name="NorthEast" type="Marker3D" parent="Launchers"]
transform = Transform3D(1, 0, 0, 0, 0.9396926, -0.34202015, 0, 0.34202015, 0.9396926, 5.8, 8.2, -5.8)

[node name="East" type="Marker3D" parent="Launchers"]
transform = Transform3D(1, 0, 0, 0, 0.9659258, -0.25881904, 0, 0.25881904, 0.9659258, 7.8, 7.8, 0)

[node name="SouthEast" type="Marker3D" parent="Launchers"]
transform = Transform3D(1, 0, 0, 0, 0.9396926, -0.34202015, 0, 0.34202015, 0.9396926, 5.8, 8.2, 5.8)

[node name="South" type="Marker3D" parent="Launchers"]
transform = Transform3D(1, 0, 0, 0, 0.9659258, -0.25881904, 0, 0.25881904, 0.9659258, 0, 7.8, 7.8)

[node name="SouthWest" type="Marker3D" parent="Launchers"]
transform = Transform3D(1, 0, 0, 0, 0.9396926, -0.34202015, 0, 0.34202015, 0.9396926, -5.8, 8.2, 5.8)

[node name="West" type="Marker3D" parent="Launchers"]
transform = Transform3D(1, 0, 0, 0, 0.9659258, -0.25881904, 0, 0.25881904, 0.9659258, -7.8, 7.8, 0)

[node name="NorthWest" type="Marker3D" parent="Launchers"]
transform = Transform3D(1, 0, 0, 0, 0.9396926, -0.34202015, 0, 0.34202015, 0.9396926, -5.8, 8.2, -5.8)
