[gd_scene load_steps=12 format=3]

[ext_resource type="Script" path="res://scripts/objects/axiom_item.gd" id="1_axiom"]

[sub_resource type="BoxShape3D" id="BoxShape3D_axiom"]
size = Vector3(0.72, 0.72, 0.72)

[sub_resource type="BoxMesh" id="BoxMesh_core"]
size = Vector3(0.34, 0.5, 0.14)

[sub_resource type="BoxMesh" id="BoxMesh_shard"]
size = Vector3(0.12, 0.58, 0.08)

[sub_resource type="BoxMesh" id="BoxMesh_plate"]
size = Vector3(0.46, 0.06, 0.24)

[sub_resource type="StandardMaterial3D" id="StandardMaterial3D_core"]
albedo_color = Color(0.72, 0.94, 0.95, 1)
emission_enabled = true
emission = Color(0.65, 0.97, 1, 1)
emission_energy_multiplier = 1.9
metallic = 0.3
roughness = 0.08

[sub_resource type="StandardMaterial3D" id="StandardMaterial3D_plate"]
albedo_color = Color(0.08, 0.12, 0.18, 0.88)
emission_enabled = true
emission = Color(0.08, 0.24, 0.36, 1)
emission_energy_multiplier = 0.4
metallic = 0.2
roughness = 0.18
transparency = 1

[sub_resource type="StandardMaterial3D" id="StandardMaterial3D_red"]
albedo_color = Color(1, 0.24, 0.38, 0.34)
emission_enabled = true
emission = Color(1, 0.2, 0.34, 1)
emission_energy_multiplier = 1.5
roughness = 0.05
transparency = 1

[sub_resource type="StandardMaterial3D" id="StandardMaterial3D_blue"]
albedo_color = Color(0.18, 0.88, 1, 0.34)
emission_enabled = true
emission = Color(0.18, 0.88, 1, 1)
emission_energy_multiplier = 1.5
roughness = 0.05
transparency = 1

[sub_resource type="StandardMaterial3D" id="StandardMaterial3D_dark"]
albedo_color = Color(0.05, 0.07, 0.1, 1)
metallic = 0.22
roughness = 0.24

[sub_resource type="QuadMesh" id="QuadMesh_glow"]
size = Vector2(0.9, 0.9)

[node name="AxiomItem" type="Area3D" groups=["time_actor"]]
script = ExtResource("1_axiom")

[node name="CollisionShape3D" type="CollisionShape3D" parent="."]
shape = SubResource("BoxShape3D_axiom")

[node name="Visual" type="Node3D" parent="."]

[node name="Core" type="MeshInstance3D" parent="Visual"]
mesh = SubResource("BoxMesh_core")
surface_material_override/0 = SubResource("StandardMaterial3D_core")

[node name="FrameFront" type="MeshInstance3D" parent="Visual"]
transform = Transform3D(0.9393727, 0.3428978, 0, -0.3428978, 0.9393727, 0, 0, 0, 1, 0.08, 0.03, 0.09)
mesh = SubResource("BoxMesh_shard")
surface_material_override/0 = SubResource("StandardMaterial3D_dark")

[node name="FrameBack" type="MeshInstance3D" parent="Visual"]
transform = Transform3D(0.921061, -0.38941833, 0, 0.38941833, 0.921061, 0, 0, 0, 1, -0.09, -0.02, -0.08)
mesh = SubResource("BoxMesh_shard")
surface_material_override/0 = SubResource("StandardMaterial3D_dark")

[node name="Plate" type="MeshInstance3D" parent="Visual"]
transform = Transform3D(0.81915206, 0, -0.57357645, 0, 1, 0, 0.57357645, 0, 0.81915206, 0, -0.04, 0)
mesh = SubResource("BoxMesh_plate")
surface_material_override/0 = SubResource("StandardMaterial3D_plate")

[node name="GhostRed" type="MeshInstance3D" parent="Visual"]
transform = Transform3D(1, 0, 0, 0, 0.9659258, -0.25881904, 0, 0.25881904, 0.9659258, -0.045, 0.015, 0)
mesh = SubResource("BoxMesh_core")
surface_material_override/0 = SubResource("StandardMaterial3D_red")

[node name="GhostBlue" type="MeshInstance3D" parent="Visual"]
transform = Transform3D(1, 0, 0, 0, 0.9659258, 0.25881904, 0, -0.25881904, 0.9659258, 0.05, -0.01, 0.015)
mesh = SubResource("BoxMesh_core")
surface_material_override/0 = SubResource("StandardMaterial3D_blue")

[node name="Glare" type="MeshInstance3D" parent="Visual"]
transform = Transform3D(1, 0, 0, 0, 0.70710677, -0.70710677, 0, 0.70710677, 0.70710677, 0, 0, 0)
mesh = SubResource("QuadMesh_glow")
surface_material_override/0 = SubResource("StandardMaterial3D_blue")

[node name="GlowLight" type="OmniLight3D" parent="Visual"]
light_color = Color(0.46, 0.92, 1, 1)
light_energy = 1.5
omni_range = 2.8
shadow_enabled = false
